BEST_INN:
  controller_type: developed
  gamma: 2.4655867801761713
  hidden_width: 12
  k_0: 2
  k_1: 1.0190034590029435
  k_2: 3.9077644581156763
  k_3: 0.3010316170195184
  k_i: 2
  k_rise: 0.017751701742946945
  num_blocks: 6
  sigma_mod: 0.8209491404179076
BEST_NN:
  controller_type: baseline
  gamma: 2.4655867801761713
  hidden_width: 12
  k_0: 2
  k_1: 1.0190034590029435
  k_2: 3.9077644581156763
  k_3: 0.3010316170195184
  k_i: 2
  k_rise: 0.017751701742946945
  num_blocks: 6
  sigma_mod: 0.8209491404179076
BEST_RISE:
  controller_type: noresnet
  k_1: 1.0190034590029435
  k_2: 3.9077644581156763
  k_3: 0.3010316170195184
  k_rise: 0.017751701742946945
BEST_ST:
  controller_type: supertwisting
  k_1: 0.013589258792815749
  k_2: 0.0050571223051142965
  k_3: 0.006892601785744075
