'7':
  beta: 11.18023034889788
  k_1: 9.037831195666083
  k_2: 33.14914509619426
  lr_baseline: 0.017576286941610196
  lr_integral: 0.0019325409154661924
'8':
  beta: 0.6037148971589534
  k_1: 10.960027228875532
  k_2: 7.78344820534432
  lr_baseline: 0.2958366241329899
  lr_integral: 0.19294840740797176
'9':
  beta: 0.6037148971589534
  k_1: 10.960027228875532
  k_2: 7.78344820534432
  lr_baseline: 0.01658664369614498
  lr_integral: 0.19294840740797176
