'7':
  beta: 5.510862356179194
  k_1: 22.623514822435826
  k_2: 20.292199723123716
'8':
  beta: 0.6037148971589534
  k_1: 10.960027228875532
  k_2: 7.78344820534432
'9':
  beta: 0.6037148971589534
  k_1: 10.960027228875532
  k_2: 7.78344820534432
